Accuracy: 36.82%
Classification Report:

              precision    recall  f1-score   support

           0       0.55      0.70      0.61        50
           1       0.53      0.72      0.61        50
           2       0.29      0.52      0.37        50
           3       0.23      0.38      0.29        50
           4       0.27      0.61      0.37        49
           5       0.04      0.06      0.05        50
           6       0.33      0.64      0.44        50
           7       0.43      0.20      0.27        50
           8       0.54      0.60      0.57        50
           9       0.20      0.40      0.27        50
          10       0.20      0.12      0.15        50
          11       0.37      0.40      0.38        47
          12       0.44      0.64      0.52        50
          13       0.61      0.62      0.61        50
          14       0.37      0.46      0.41        50
          15       0.36      0.20      0.26        49
          16       0.14      0.16      0.15        49
          17       0.39      0.56      0.46        50
          18       0.22      0.36      0.27        50
          19       0.46      0.46      0.46        50
          20       0.41      0.35      0.38        49
          21       0.42      0.54      0.47        50
          22       0.57      0.54      0.56        50
          23       0.44      0.82      0.57        50
          24       0.21      0.16      0.18        49
          25       0.25      0.54      0.34        50
          26       0.20      0.26      0.23        50
          27       0.25      0.10      0.14        50
          28       0.35      0.32      0.33        50
          29       0.17      0.18      0.18        49
          30       0.20      0.26      0.23        50
          31       0.45      0.51      0.48        49
          32       0.19      0.24      0.21        50
          33       0.18      0.14      0.16        50
          34       0.28      0.40      0.33        50
          35       0.21      0.76      0.32        49
          36       0.39      0.52      0.45        50
          37       0.36      0.37      0.36        49
          38       0.42      0.60      0.50        50
          39       0.35      0.36      0.35        50
          40       0.27      0.14      0.18        50
          41       0.21      0.26      0.23        50
          42       0.35      0.36      0.36        50
          43       0.46      0.34      0.39        50
          44       0.85      0.66      0.74        50
          45       0.76      0.62      0.68        50
          46       0.30      0.40      0.34        50
          47       0.32      0.49      0.39        49
          48       0.19      0.14      0.16        50
          49       0.22      0.19      0.20        47
          50       0.35      0.60      0.44        50
          51       0.18      0.39      0.25        49
          52       0.54      0.52      0.53        50
          53       0.39      0.38      0.38        50
          54       0.36      0.27      0.31        48
          55       0.37      0.41      0.39        46
          56       0.31      0.30      0.30        50
          57       0.43      0.47      0.45        47
          58       0.72      0.47      0.57        49
          59       0.39      0.28      0.33        50
          60       0.38      0.41      0.39        49
          61       0.36      0.64      0.46        50
          62       0.33      0.32      0.33        50
          63       0.39      0.44      0.41        50
          64       0.21      0.09      0.12        47
          65       0.19      0.11      0.14        46
          66       0.55      0.33      0.42        48
          67       0.25      0.10      0.15        48
          68       0.33      0.48      0.39        48
          69       0.37      0.33      0.35        49
          70       0.33      0.32      0.32        50
          71       0.48      0.50      0.49        50
          72       0.41      0.29      0.34        49
          73       0.46      0.24      0.32        50
          74       0.37      0.39      0.38        46
          75       0.11      0.02      0.04        48
          76       0.29      0.14      0.19        50
          77       0.08      0.02      0.03        47
          78       0.70      0.76      0.73        49
          79       0.29      0.11      0.16        47
          80       0.18      0.08      0.11        49
          81       0.72      0.72      0.72        50
          82       0.32      0.52      0.40        50
          83       0.22      0.24      0.23        49
          84       0.41      0.22      0.29        49
          85       0.53      0.32      0.40        50
          86       0.38      0.24      0.29        50
          87       0.38      0.38      0.38        48
          88       0.06      0.04      0.05        49
          89       0.46      0.32      0.38        50
          90       0.62      0.48      0.54        50
          91       0.26      0.58      0.36        50
          92       0.40      0.20      0.27        50
          93       0.42      0.56      0.48        50
          94       0.33      0.35      0.34        49
          95       0.29      0.31      0.30        48
          96       0.37      0.34      0.36        47
          97       0.50      0.29      0.36        49
          98       0.39      0.50      0.44        50
          99       0.38      0.06      0.11        49
         100       0.26      0.13      0.17        46
         101       0.69      0.51      0.59        49
         102       0.22      0.35      0.27        46
         103       0.70      0.80      0.75        50
         104       0.31      0.16      0.21        50
         105       0.17      0.31      0.22        48
         106       0.28      0.22      0.25        49
         107       0.49      0.63      0.55        49
         108       0.76      0.60      0.67        47
         109       0.36      0.40      0.38        48
         110       0.73      0.16      0.26        50
         111       0.53      0.65      0.59        49
         112       0.30      0.22      0.25        50
         113       0.32      0.18      0.23        50
         114       0.38      0.29      0.33        49
         115       0.64      0.68      0.66        50
         116       0.35      0.40      0.37        50
         117       0.47      0.39      0.43        49
         118       0.68      0.61      0.65        49
         119       0.19      0.13      0.16        45
         120       0.28      0.20      0.23        50
         121       0.61      0.44      0.51        50
         122       0.16      0.08      0.11        48
         123       0.34      0.22      0.27        49
         124       0.51      0.78      0.62        49
         125       0.25      0.14      0.18        49
         126       0.41      0.50      0.45        50
         127       0.32      0.27      0.29        49
         128       0.42      0.36      0.39        47
         129       0.50      0.50      0.50        48
         130       0.23      0.14      0.17        49
         131       0.08      0.02      0.03        49
         132       0.23      0.12      0.16        50
         133       0.65      0.66      0.65        50
         134       0.36      0.28      0.31        50
         135       0.12      0.04      0.06        50
         136       0.31      0.38      0.34        47
         137       0.27      0.19      0.22        48
         138       0.35      0.13      0.19        47
         139       0.09      0.04      0.06        47
         140       0.36      0.43      0.39        49
         141       0.30      0.17      0.22        47
         142       0.46      0.44      0.45        48
         143       0.83      0.68      0.75        50
         144       0.37      0.27      0.31        49
         145       0.63      0.74      0.68        50
         146       0.70      0.46      0.55        50
         147       0.47      0.30      0.37        50
         148       0.29      0.28      0.28        50
         149       0.38      0.31      0.34        49
         150       0.45      0.36      0.40        47
         151       0.33      0.18      0.23        50
         152       0.53      0.33      0.41        48
         153       0.48      0.29      0.36        49
         154       0.38      0.43      0.40        49
         155       0.52      0.24      0.33        46
         156       0.33      0.20      0.25        46
         157       0.28      0.22      0.25        50
         158       0.27      0.16      0.20        49
         159       0.07      0.02      0.03        46
         160       0.30      0.28      0.29        50
         161       0.31      0.19      0.23        48
         162       0.36      0.44      0.40        50
         163       0.30      0.44      0.35        50
         164       0.46      0.50      0.48        48
         165       0.46      0.62      0.53        48
         166       0.69      0.77      0.73        48
         167       0.49      0.51      0.50        49
         168       0.33      0.04      0.08        47
         169       0.30      0.37      0.33        49
         170       0.32      0.44      0.37        50
         171       0.42      0.31      0.35        49
         172       0.39      0.22      0.28        50
         173       0.50      0.51      0.51        47
         174       0.20      0.32      0.25        50
         175       0.00      0.00      0.00        50
         176       0.74      0.52      0.61        50
         177       0.36      0.34      0.35        50
         178       0.41      0.52      0.46        50
         179       0.21      0.14      0.17        50
         180       0.22      0.16      0.18        50
         181       0.38      0.32      0.35        50
         182       0.32      0.40      0.36        50
         183       0.42      0.38      0.40        50
         184       0.61      0.56      0.58        50
         185       0.54      0.41      0.47        49
         186       0.39      0.48      0.43        50
         187       0.53      0.32      0.40        50
         188       0.48      0.20      0.28        50
         189       0.49      0.60      0.54        50
         190       0.36      0.48      0.41        50
         191       0.43      0.70      0.53        50
         192       0.36      0.54      0.43        50
         193       0.65      0.62      0.63        50
         194       0.29      0.64      0.40        50
         195       0.25      0.34      0.29        50
         196       0.26      0.74      0.38        50
         197       0.22      0.29      0.25        49
         198       0.31      0.46      0.37        50
         199       0.19      0.20      0.20        50

    accuracy                           0.37      9832
   macro avg       0.37      0.37      0.35      9832
weighted avg       0.37      0.37      0.36      9832
