Accuracy: 54.69%
Classification Report:

              precision    recall  f1-score   support

           0       0.62      0.83      0.71       100
           1       0.70      0.63      0.66       100
           2       0.37      0.53      0.44       100
           3       0.40      0.33      0.36       100
           4       0.36      0.41      0.38       100
           5       0.39      0.53      0.45       100
           6       0.66      0.59      0.62       100
           7       0.59      0.53      0.56       100
           8       0.66      0.60      0.63       100
           9       0.67      0.65      0.66       100
          10       0.42      0.38      0.40       100
          11       0.34      0.35      0.34       100
          12       0.53      0.68      0.59       100
          13       0.45      0.45      0.45       100
          14       0.51      0.54      0.53       100
          15       0.48      0.54      0.51       100
          16       0.53      0.58      0.56       100
          17       0.73      0.77      0.75       100
          18       0.45      0.55      0.49       100
          19       0.53      0.50      0.51       100
          20       0.72      0.76      0.74       100
          21       0.63      0.82      0.71       100
          22       0.38      0.45      0.41       100
          23       0.83      0.68      0.75       100
          24       0.73      0.72      0.72       100
          25       0.39      0.33      0.36       100
          26       0.50      0.43      0.46       100
          27       0.36      0.35      0.35       100
          28       0.52      0.59      0.55       100
          29       0.58      0.45      0.51       100
          30       0.64      0.49      0.56       100
          31       0.59      0.46      0.52       100
          32       0.48      0.50      0.49       100
          33       0.75      0.43      0.55       100
          34       0.49      0.51      0.50       100
          35       0.37      0.27      0.31       100
          36       0.57      0.59      0.58       100
          37       0.53      0.49      0.51       100
          38       0.46      0.42      0.44       100
          39       0.70      0.69      0.69       100
          40       0.44      0.46      0.45       100
          41       0.74      0.84      0.79       100
          42       0.60      0.52      0.56       100
          43       0.54      0.67      0.60       100
          44       0.36      0.34      0.35       100
          45       0.50      0.33      0.40       100
          46       0.30      0.43      0.35       100
          47       0.67      0.50      0.57       100
          48       0.68      0.79      0.73       100
          49       0.57      0.72      0.64       100
          50       0.45      0.29      0.35       100
          51       0.54      0.66      0.59       100
          52       0.59      0.65      0.62       100
          53       0.68      0.77      0.72       100
          54       0.70      0.72      0.71       100
          55       0.25      0.33      0.28       100
          56       0.76      0.68      0.72       100
          57       0.48      0.54      0.51       100
          58       0.64      0.63      0.63       100
          59       0.59      0.53      0.56       100
          60       0.78      0.80      0.79       100
          61       0.64      0.61      0.62       100
          62       0.60      0.58      0.59       100
          63       0.54      0.55      0.55       100
          64       0.32      0.35      0.33       100
          65       0.30      0.53      0.39       100
          66       0.45      0.46      0.46       100
          67       0.48      0.43      0.45       100
          68       0.84      0.83      0.83       100
          69       0.58      0.78      0.66       100
          70       0.61      0.43      0.51       100
          71       0.72      0.71      0.71       100
          72       0.27      0.35      0.31       100
          73       0.44      0.40      0.42       100
          74       0.50      0.43      0.46       100
          75       0.81      0.71      0.76       100
          76       0.80      0.83      0.81       100
          77       0.62      0.36      0.46       100
          78       0.45      0.43      0.44       100
          79       0.56      0.52      0.54       100
          80       0.46      0.32      0.38       100
          81       0.68      0.50      0.58       100
          82       0.91      0.83      0.87       100
          83       0.64      0.46      0.53       100
          84       0.61      0.43      0.50       100
          85       0.68      0.56      0.62       100
          86       0.58      0.57      0.58       100
          87       0.55      0.64      0.59       100
          88       0.58      0.53      0.55       100
          89       0.68      0.58      0.63       100
          90       0.48      0.58      0.52       100
          91       0.63      0.66      0.65       100
          92       0.42      0.40      0.41       100
          93       0.41      0.37      0.39       100
          94       0.69      0.76      0.72       100
          95       0.62      0.56      0.59       100
          96       0.54      0.52      0.53       100
          97       0.52      0.55      0.53       100
          98       0.32      0.31      0.31       100
          99       0.60      0.67      0.63       100

    accuracy                           0.55     10000
   macro avg       0.56      0.55      0.55     10000
weighted avg       0.56      0.55      0.55     10000
