Accuracy: 54.78%
Classification Report:

              precision    recall  f1-score   support

           0       0.85      0.88      0.86        50
           1       0.76      0.74      0.75        50
           2       0.60      0.72      0.65        50
           3       0.45      0.36      0.40        50
           4       0.56      0.51      0.53        49
           5       0.38      0.36      0.37        50
           6       0.84      0.76      0.80        50
           7       0.53      0.52      0.53        50
           8       0.68      0.76      0.72        50
           9       0.66      0.58      0.62        50
          10       0.52      0.56      0.54        50
          11       0.55      0.60      0.57        47
          12       0.67      0.68      0.67        50
          13       0.73      0.70      0.71        50
          14       0.74      0.52      0.61        50
          15       0.50      0.43      0.46        49
          16       0.34      0.29      0.31        49
          17       0.58      0.66      0.62        50
          18       0.48      0.44      0.46        50
          19       0.70      0.74      0.72        50
          20       0.70      0.80      0.74        49
          21       0.71      0.58      0.64        50
          22       0.68      0.68      0.68        50
          23       0.67      0.84      0.74        50
          24       0.55      0.47      0.51        49
          25       0.90      0.70      0.79        50
          26       0.63      0.54      0.58        50
          27       0.42      0.36      0.39        50
          28       0.79      0.52      0.63        50
          29       0.42      0.45      0.44        49
          30       0.42      0.44      0.43        50
          31       0.66      0.63      0.65        49
          32       0.35      0.34      0.34        50
          33       0.55      0.62      0.58        50
          34       0.75      0.66      0.70        50
          35       0.63      0.55      0.59        49
          36       0.76      0.82      0.79        50
          37       0.52      0.67      0.58        49
          38       0.71      0.60      0.65        50
          39       0.54      0.52      0.53        50
          40       0.42      0.44      0.43        50
          41       0.52      0.44      0.48        50
          42       0.45      0.54      0.49        50
          43       0.59      0.64      0.62        50
          44       0.90      0.90      0.90        50
          45       0.77      0.72      0.74        50
          46       0.53      0.64      0.58        50
          47       0.64      0.61      0.62        49
          48       0.42      0.30      0.35        50
          49       0.39      0.53      0.45        47
          50       0.73      0.72      0.73        50
          51       0.60      0.49      0.54        49
          52       0.71      0.72      0.71        50
          53       0.61      0.66      0.63        50
          54       0.68      0.62      0.65        48
          55       0.62      0.70      0.65        46
          56       0.58      0.56      0.57        50
          57       0.67      0.60      0.63        47
          58       0.76      0.71      0.74        49
          59       0.43      0.50      0.46        50
          60       0.55      0.63      0.59        49
          61       0.63      0.64      0.63        50
          62       0.40      0.40      0.40        50
          63       0.40      0.50      0.44        50
          64       0.31      0.40      0.35        47
          65       0.33      0.30      0.31        46
          66       0.80      0.67      0.73        48
          67       0.37      0.40      0.38        48
          68       0.62      0.54      0.58        48
          69       0.43      0.37      0.40        49
          70       0.49      0.52      0.50        50
          71       0.66      0.76      0.70        50
          72       0.47      0.47      0.47        49
          73       0.44      0.50      0.47        50
          74       0.56      0.70      0.62        46
          75       0.44      0.38      0.40        48
          76       0.57      0.60      0.58        50
          77       0.44      0.23      0.31        47
          78       0.71      0.73      0.72        49
          79       0.38      0.30      0.33        47
          80       0.40      0.29      0.33        49
          81       0.67      0.78      0.72        50
          82       0.69      0.48      0.56        50
          83       0.51      0.47      0.49        49
          84       0.38      0.49      0.42        49
          85       0.45      0.50      0.47        50
          86       0.35      0.46      0.40        50
          87       0.49      0.46      0.47        48
          88       0.47      0.31      0.37        49
          89       0.50      0.50      0.50        50
          90       0.57      0.58      0.57        50
          91       0.69      0.54      0.61        50
          92       0.54      0.38      0.45        50
          93       0.66      0.54      0.59        50
          94       0.54      0.59      0.56        49
          95       0.52      0.56      0.54        48
          96       0.59      0.55      0.57        47
          97       0.59      0.55      0.57        49
          98       0.67      0.66      0.67        50
          99       0.20      0.27      0.23        49
         100       0.25      0.35      0.29        46
         101       0.68      0.51      0.58        49
         102       0.50      0.57      0.53        46
         103       0.75      0.84      0.79        50
         104       0.41      0.40      0.40        50
         105       0.42      0.35      0.39        48
         106       0.33      0.43      0.38        49
         107       0.67      0.69      0.68        49
         108       0.77      0.85      0.81        47
         109       0.65      0.65      0.65        48
         110       0.53      0.60      0.56        50
         111       0.58      0.61      0.59        49
         112       0.44      0.56      0.49        50
         113       0.44      0.54      0.48        50
         114       0.47      0.41      0.43        49
         115       0.92      0.70      0.80        50
         116       0.61      0.44      0.51        50
         117       0.60      0.53      0.57        49
         118       0.82      0.76      0.79        49
         119       0.47      0.49      0.48        45
         120       0.47      0.38      0.42        50
         121       0.70      0.60      0.65        50
         122       0.25      0.25      0.25        48
         123       0.43      0.45      0.44        49
         124       0.78      0.78      0.78        49
         125       0.44      0.43      0.43        49
         126       0.59      0.58      0.59        50
         127       0.77      0.49      0.60        49
         128       0.35      0.57      0.44        47
         129       0.62      0.62      0.62        48
         130       0.39      0.43      0.41        49
         131       0.12      0.12      0.12        49
         132       0.22      0.22      0.22        50
         133       0.69      0.68      0.69        50
         134       0.48      0.50      0.49        50
         135       0.29      0.28      0.28        50
         136       0.49      0.49      0.49        47
         137       0.43      0.31      0.36        48
         138       0.31      0.26      0.28        47
         139       0.26      0.19      0.22        47
         140       0.51      0.47      0.49        49
         141       0.37      0.38      0.38        47
         142       0.67      0.42      0.51        48
         143       0.74      0.80      0.77        50
         144       0.57      0.51      0.54        49
         145       0.81      0.88      0.85        50
         146       0.75      0.72      0.73        50
         147       0.39      0.50      0.44        50
         148       0.54      0.54      0.54        50
         149       0.48      0.71      0.57        49
         150       0.62      0.53      0.57        47
         151       0.54      0.44      0.48        50
         152       0.50      0.60      0.55        48
         153       0.61      0.71      0.66        49
         154       0.60      0.57      0.58        49
         155       0.50      0.63      0.56        46
         156       0.53      0.37      0.44        46
         157       0.56      0.56      0.56        50
         158       0.55      0.37      0.44        49
         159       0.15      0.17      0.16        46
         160       0.57      0.54      0.56        50
         161       0.57      0.60      0.59        48
         162       0.66      0.66      0.66        50
         163       0.61      0.60      0.61        50
         164       0.60      0.73      0.66        48
         165       0.92      0.75      0.83        48
         166       0.85      0.85      0.85        48
         167       0.44      0.57      0.50        49
         168       0.21      0.26      0.23        47
         169       0.44      0.47      0.46        49
         170       0.69      0.70      0.69        50
         171       0.58      0.67      0.62        49
         172       0.27      0.30      0.29        50
         173       0.73      0.74      0.74        47
         174       0.50      0.50      0.50        50
         175       0.19      0.16      0.17        50
         176       0.72      0.72      0.72        50
         177       0.35      0.44      0.39        50
         178       0.65      0.60      0.62        50
         179       0.34      0.56      0.42        50
         180       0.35      0.40      0.37        50
         181       0.71      0.48      0.57        50
         182       0.61      0.44      0.51        50
         183       0.77      0.60      0.67        50
         184       0.79      0.76      0.78        50
         185       0.72      0.67      0.69        49
         186       0.76      0.58      0.66        50
         187       0.61      0.68      0.64        50
         188       0.44      0.56      0.49        50
         189       0.63      0.62      0.63        50
         190       0.48      0.52      0.50        50
         191       0.62      0.72      0.67        50
         192       0.62      0.64      0.63        50
         193       0.77      0.86      0.81        50
         194       0.64      0.58      0.61        50
         195       0.53      0.54      0.53        50
         196       0.57      0.54      0.56        50
         197       0.42      0.45      0.43        49
         198       0.50      0.42      0.46        50
         199       0.39      0.48      0.43        50

    accuracy                           0.55      9832
   macro avg       0.56      0.55      0.55      9832
weighted avg       0.56      0.55      0.55      9832
