Accuracy: 10.04%
Classification Report:

              precision    recall  f1-score   support

           0       0.27      0.48      0.35        50
           1       0.06      0.02      0.03        50
           2       0.07      0.04      0.05        50
           3       0.00      0.00      0.00        50
           4       0.24      0.08      0.12        49
           5       0.00      0.00      0.00        50
           6       0.00      0.00      0.00        50
           7       0.00      0.00      0.00        50
           8       0.14      0.06      0.08        50
           9       0.05      0.02      0.03        50
          10       0.00      0.00      0.00        50
          11       0.00      0.00      0.00        47
          12       0.00      0.00      0.00        50
          13       0.18      0.62      0.28        50
          14       0.19      0.16      0.17        50
          15       0.00      0.00      0.00        49
          16       0.00      0.00      0.00        49
          17       0.17      0.02      0.04        50
          18       0.00      0.00      0.00        50
          19       0.10      0.06      0.07        50
          20       0.17      0.04      0.07        49
          21       0.03      0.04      0.03        50
          22       0.05      0.06      0.05        50
          23       0.22      0.44      0.29        50
          24       0.00      0.00      0.00        49
          25       0.03      0.02      0.02        50
          26       0.06      0.02      0.03        50
          27       0.00      0.00      0.00        50
          28       0.09      0.04      0.06        50
          29       0.00      0.00      0.00        49
          30       0.00      0.00      0.00        50
          31       0.12      0.14      0.13        49
          32       0.33      0.04      0.07        50
          33       0.00      0.00      0.00        50
          34       0.20      0.04      0.07        50
          35       0.00      0.00      0.00        49
          36       0.11      0.12      0.11        50
          37       0.07      0.20      0.11        49
          38       0.09      0.14      0.11        50
          39       0.00      0.00      0.00        50
          40       0.00      0.00      0.00        50
          41       0.05      0.04      0.04        50
          42       0.08      0.02      0.03        50
          43       0.12      0.04      0.06        50
          44       0.13      0.20      0.16        50
          45       0.15      0.36      0.21        50
          46       0.14      0.02      0.04        50
          47       0.12      0.14      0.13        49
          48       0.00      0.00      0.00        50
          49       0.00      0.00      0.00        47
          50       0.09      0.20      0.12        50
          51       0.00      0.00      0.00        49
          52       0.00      0.00      0.00        50
          53       0.13      0.16      0.14        50
          54       0.00      0.00      0.00        48
          55       0.08      0.30      0.13        46
          56       0.50      0.02      0.04        50
          57       0.00      0.00      0.00        47
          58       0.13      0.37      0.19        49
          59       0.00      0.00      0.00        50
          60       0.03      0.24      0.06        49
          61       0.07      0.04      0.05        50
          62       0.13      0.04      0.06        50
          63       0.07      0.18      0.10        50
          64       0.00      0.00      0.00        47
          65       0.00      0.00      0.00        46
          66       0.13      0.19      0.15        48
          67       0.25      0.02      0.04        48
          68       0.04      0.06      0.05        48
          69       0.11      0.02      0.03        49
          70       0.13      0.04      0.06        50
          71       0.10      0.18      0.13        50
          72       0.00      0.00      0.00        49
          73       0.01      0.04      0.02        50
          74       0.12      0.33      0.17        46
          75       0.05      0.04      0.04        48
          76       0.00      0.00      0.00        50
          77       0.07      0.04      0.05        47
          78       0.00      0.00      0.00        49
          79       0.00      0.00      0.00        47
          80       0.22      0.04      0.07        49
          81       0.11      0.32      0.16        50
          82       0.04      0.08      0.06        50
          83       0.08      0.22      0.11        49
          84       0.21      0.06      0.10        49
          85       0.33      0.02      0.04        50
          86       0.09      0.08      0.08        50
          87       0.03      0.04      0.03        48
          88       0.00      0.00      0.00        49
          89       0.17      0.06      0.09        50
          90       0.11      0.36      0.17        50
          91       0.21      0.10      0.14        50
          92       0.05      0.04      0.04        50
          93       0.16      0.06      0.09        50
          94       0.29      0.24      0.27        49
          95       0.00      0.00      0.00        48
          96       0.06      0.02      0.03        47
          97       0.04      0.10      0.05        49
          98       0.06      0.10      0.08        50
          99       0.07      0.02      0.03        49
         100       0.00      0.00      0.00        46
         101       0.14      0.29      0.19        49
         102       0.00      0.00      0.00        46
         103       0.22      0.32      0.26        50
         104       0.12      0.08      0.10        50
         105       0.06      0.02      0.03        48
         106       0.00      0.00      0.00        49
         107       0.14      0.04      0.06        49
         108       0.07      0.06      0.06        47
         109       0.04      0.06      0.05        48
         110       0.07      0.10      0.08        50
         111       0.08      0.27      0.13        49
         112       0.05      0.02      0.03        50
         113       0.06      0.12      0.08        50
         114       0.12      0.04      0.06        49
         115       0.21      0.38      0.27        50
         116       0.19      0.22      0.20        50
         117       0.05      0.37      0.08        49
         118       0.30      0.06      0.10        49
         119       0.00      0.00      0.00        45
         120       0.08      0.02      0.03        50
         121       0.07      0.12      0.09        50
         122       0.00      0.00      0.00        48
         123       0.03      0.08      0.05        49
         124       0.18      0.49      0.26        49
         125       0.00      0.00      0.00        49
         126       0.05      0.12      0.07        50
         127       0.00      0.00      0.00        49
         128       0.06      0.06      0.06        47
         129       0.00      0.00      0.00        48
         130       0.07      0.02      0.03        49
         131       0.00      0.00      0.00        49
         132       0.00      0.00      0.00        50
         133       0.22      0.44      0.30        50
         134       0.09      0.10      0.10        50
         135       0.00      0.00      0.00        50
         136       0.00      0.00      0.00        47
         137       0.00      0.00      0.00        48
         138       0.00      0.00      0.00        47
         139       0.00      0.00      0.00        47
         140       0.07      0.02      0.03        49
         141       0.00      0.00      0.00        47
         142       0.40      0.04      0.08        48
         143       0.17      0.28      0.22        50
         144       0.04      0.06      0.05        49
         145       0.19      0.58      0.29        50
         146       0.06      0.06      0.06        50
         147       0.10      0.06      0.08        50
         148       0.10      0.20      0.13        50
         149       0.00      0.00      0.00        49
         150       0.02      0.04      0.03        47
         151       0.00      0.00      0.00        50
         152       0.15      0.15      0.15        48
         153       0.17      0.14      0.15        49
         154       0.12      0.02      0.04        49
         155       0.07      0.09      0.08        46
         156       0.12      0.09      0.10        46
         157       0.13      0.12      0.13        50
         158       0.09      0.02      0.03        49
         159       0.00      0.00      0.00        46
         160       0.00      0.00      0.00        50
         161       0.00      0.00      0.00        48
         162       0.50      0.02      0.04        50
         163       0.05      0.14      0.07        50
         164       0.21      0.08      0.12        48
         165       0.09      0.35      0.14        48
         166       0.14      0.31      0.19        48
         167       0.00      0.00      0.00        49
         168       0.00      0.00      0.00        47
         169       0.11      0.06      0.08        49
         170       0.11      0.26      0.15        50
         171       0.12      0.02      0.04        49
         172       0.00      0.00      0.00        50
         173       0.05      0.11      0.07        47
         174       0.09      0.06      0.07        50
         175       0.00      0.00      0.00        50
         176       0.00      0.00      0.00        50
         177       0.10      0.24      0.14        50
         178       0.14      0.26      0.18        50
         179       0.11      0.06      0.08        50
         180       0.00      0.00      0.00        50
         181       0.08      0.06      0.07        50
         182       0.12      0.08      0.10        50
         183       0.12      0.16      0.14        50
         184       0.18      0.44      0.25        50
         185       0.10      0.12      0.11        49
         186       0.09      0.52      0.16        50
         187       0.14      0.42      0.21        50
         188       0.04      0.06      0.05        50
         189       0.12      0.46      0.19        50
         190       0.06      0.06      0.06        50
         191       0.16      0.28      0.20        50
         192       0.18      0.24      0.21        50
         193       0.14      0.16      0.15        50
         194       0.23      0.24      0.23        50
         195       0.00      0.00      0.00        50
         196       0.17      0.18      0.18        50
         197       0.16      0.06      0.09        49
         198       0.18      0.26      0.21        50
         199       0.09      0.08      0.08        50

    accuracy                           0.10      9832
   macro avg       0.09      0.10      0.07      9832
weighted avg       0.09      0.10      0.07      9832
