Accuracy: 53.53%
Classification Report:

              precision    recall  f1-score   support

           0       0.93      0.74      0.82        50
           1       0.81      0.76      0.78        50
           2       0.74      0.62      0.67        50
           3       0.41      0.36      0.38        50
           4       0.50      0.57      0.53        49
           5       0.41      0.40      0.40        50
           6       0.74      0.64      0.69        50
           7       0.61      0.44      0.51        50
           8       0.82      0.62      0.70        50
           9       0.57      0.64      0.60        50
          10       0.48      0.40      0.43        50
          11       0.52      0.68      0.59        47
          12       0.75      0.60      0.67        50
          13       0.53      0.64      0.58        50
          14       0.64      0.68      0.66        50
          15       0.56      0.45      0.50        49
          16       0.34      0.31      0.32        49
          17       0.64      0.64      0.64        50
          18       0.56      0.50      0.53        50
          19       0.78      0.56      0.65        50
          20       0.60      0.73      0.66        49
          21       0.82      0.56      0.67        50
          22       0.79      0.74      0.76        50
          23       0.71      0.84      0.77        50
          24       0.40      0.37      0.38        49
          25       0.60      0.76      0.67        50
          26       0.42      0.50      0.46        50
          27       0.35      0.32      0.33        50
          28       0.54      0.42      0.47        50
          29       0.21      0.24      0.22        49
          30       0.40      0.38      0.39        50
          31       0.64      0.61      0.62        49
          32       0.34      0.32      0.33        50
          33       0.42      0.48      0.45        50
          34       0.68      0.52      0.59        50
          35       0.51      0.63      0.56        49
          36       0.75      0.84      0.79        50
          37       0.47      0.57      0.52        49
          38       0.62      0.56      0.59        50
          39       0.47      0.62      0.53        50
          40       0.47      0.44      0.45        50
          41       0.60      0.50      0.54        50
          42       0.60      0.50      0.54        50
          43       0.49      0.54      0.51        50
          44       0.96      0.88      0.92        50
          45       0.88      0.74      0.80        50
          46       0.45      0.58      0.50        50
          47       0.72      0.53      0.61        49
          48       0.37      0.38      0.38        50
          49       0.46      0.45      0.45        47
          50       0.77      0.72      0.74        50
          51       0.60      0.57      0.58        49
          52       0.82      0.72      0.77        50
          53       0.60      0.60      0.60        50
          54       0.61      0.62      0.62        48
          55       0.62      0.57      0.59        46
          56       0.50      0.56      0.53        50
          57       0.63      0.66      0.65        47
          58       0.81      0.71      0.76        49
          59       0.49      0.44      0.46        50
          60       0.62      0.61      0.62        49
          61       0.74      0.62      0.67        50
          62       0.37      0.44      0.40        50
          63       0.37      0.46      0.41        50
          64       0.34      0.30      0.32        47
          65       0.47      0.37      0.41        46
          66       0.64      0.60      0.62        48
          67       0.47      0.40      0.43        48
          68       0.57      0.50      0.53        48
          69       0.41      0.43      0.42        49
          70       0.56      0.50      0.53        50
          71       0.69      0.80      0.74        50
          72       0.48      0.47      0.47        49
          73       0.37      0.44      0.40        50
          74       0.57      0.67      0.62        46
          75       0.35      0.48      0.40        48
          76       0.42      0.48      0.45        50
          77       0.24      0.34      0.28        47
          78       0.83      0.80      0.81        49
          79       0.28      0.32      0.30        47
          80       0.39      0.37      0.38        49
          81       0.86      0.86      0.86        50
          82       0.53      0.64      0.58        50
          83       0.49      0.49      0.49        49
          84       0.52      0.35      0.41        49
          85       0.51      0.50      0.51        50
          86       0.48      0.58      0.52        50
          87       0.59      0.48      0.53        48
          88       0.33      0.33      0.33        49
          89       0.47      0.50      0.49        50
          90       0.51      0.70      0.59        50
          91       0.61      0.60      0.61        50
          92       0.75      0.36      0.49        50
          93       0.60      0.56      0.58        50
          94       0.50      0.39      0.44        49
          95       0.51      0.44      0.47        48
          96       0.49      0.55      0.52        47
          97       0.61      0.47      0.53        49
          98       0.57      0.60      0.58        50
          99       0.27      0.37      0.31        49
         100       0.22      0.30      0.25        46
         101       0.64      0.59      0.62        49
         102       0.46      0.50      0.48        46
         103       0.76      0.74      0.75        50
         104       0.38      0.38      0.38        50
         105       0.41      0.42      0.41        48
         106       0.41      0.37      0.39        49
         107       0.64      0.69      0.67        49
         108       0.78      0.77      0.77        47
         109       0.61      0.73      0.67        48
         110       0.56      0.44      0.49        50
         111       0.69      0.51      0.59        49
         112       0.53      0.42      0.47        50
         113       0.50      0.50      0.50        50
         114       0.38      0.41      0.40        49
         115       0.85      0.78      0.81        50
         116       0.67      0.40      0.50        50
         117       0.69      0.51      0.59        49
         118       0.73      0.73      0.73        49
         119       0.40      0.42      0.41        45
         120       0.42      0.34      0.38        50
         121       0.64      0.64      0.64        50
         122       0.24      0.23      0.24        48
         123       0.40      0.43      0.42        49
         124       0.80      0.88      0.83        49
         125       0.27      0.37      0.31        49
         126       0.62      0.60      0.61        50
         127       0.71      0.55      0.62        49
         128       0.56      0.60      0.58        47
         129       0.56      0.58      0.57        48
         130       0.37      0.53      0.43        49
         131       0.15      0.08      0.11        49
         132       0.31      0.26      0.28        50
         133       0.82      0.80      0.81        50
         134       0.44      0.48      0.46        50
         135       0.23      0.20      0.21        50
         136       0.48      0.51      0.49        47
         137       0.41      0.40      0.40        48
         138       0.34      0.43      0.38        47
         139       0.35      0.30      0.32        47
         140       0.49      0.51      0.50        49
         141       0.61      0.49      0.54        47
         142       0.48      0.48      0.48        48
         143       0.75      0.80      0.78        50
         144       0.45      0.49      0.47        49
         145       0.66      0.90      0.76        50
         146       0.69      0.74      0.71        50
         147       0.48      0.46      0.47        50
         148       0.59      0.48      0.53        50
         149       0.54      0.57      0.55        49
         150       0.51      0.57      0.54        47
         151       0.50      0.46      0.48        50
         152       0.53      0.60      0.56        48
         153       0.48      0.71      0.57        49
         154       0.57      0.49      0.53        49
         155       0.62      0.54      0.58        46
         156       0.47      0.43      0.45        46
         157       0.53      0.46      0.49        50
         158       0.49      0.43      0.46        49
         159       0.25      0.35      0.29        46
         160       0.47      0.36      0.41        50
         161       0.62      0.62      0.62        48
         162       0.69      0.62      0.65        50
         163       0.53      0.62      0.57        50
         164       0.65      0.58      0.62        48
         165       0.73      0.83      0.78        48
         166       0.89      0.71      0.79        48
         167       0.46      0.53      0.49        49
         168       0.22      0.26      0.24        47
         169       0.55      0.43      0.48        49
         170       0.65      0.64      0.65        50
         171       0.51      0.61      0.56        49
         172       0.39      0.36      0.38        50
         173       0.73      0.79      0.76        47
         174       0.48      0.46      0.47        50
         175       0.18      0.22      0.20        50
         176       0.76      0.64      0.70        50
         177       0.40      0.38      0.39        50
         178       0.63      0.66      0.65        50
         179       0.39      0.44      0.42        50
         180       0.28      0.38      0.32        50
         181       0.60      0.52      0.56        50
         182       0.49      0.46      0.47        50
         183       0.72      0.58      0.64        50
         184       0.73      0.70      0.71        50
         185       0.65      0.65      0.65        49
         186       0.74      0.52      0.61        50
         187       0.60      0.58      0.59        50
         188       0.35      0.46      0.40        50
         189       0.61      0.62      0.61        50
         190       0.45      0.58      0.50        50
         191       0.62      0.70      0.66        50
         192       0.69      0.66      0.67        50
         193       0.73      0.70      0.71        50
         194       0.55      0.64      0.59        50
         195       0.47      0.52      0.50        50
         196       0.51      0.54      0.52        50
         197       0.34      0.45      0.39        49
         198       0.49      0.52      0.50        50
         199       0.49      0.48      0.48        50

    accuracy                           0.54      9832
   macro avg       0.55      0.53      0.54      9832
weighted avg       0.55      0.54      0.54      9832
